2506547
2280934
2404776
2720414
2877031
2916672
2337616
-16018
333349
2066661
343813
1663218
630591
2096147
-159526
1615557
401976
1449390
349340
2053617
1409842
1376814
2143801
93974
2486842
2892685
-230856
1838663
841963
489963
1705815
2360280
1732201
2991482
2303516
1044126
1744147
2338109
2925760
194549
1769719
2053336
326554
1056352
2185132
1890953
1003529
2572488
1357931
1816153
244121
1702992
2648386
1510710
2185840
1393680
304046
914042
735004
1429182
2141932
2960631
1091427
1586135
2737430
1636381
1358678
-122179
2901265
159767
1267548
-83442
2423676
1923576
488376
406081
1579371
92992
1289451
1631794
1581654
-23
1088793
1474323
1751819
1275581
-274939
1140081
1062255
2343076
2778421
667647
650177
586366
1349062
1995936
2087049
61333
2053009
1330087
1536843
71608
1097374
2477316
792092
2978781
488023
2769441
2916964
1196259
2619261
384559
1288681
1662061
228497
-195662
1884038
2048574
1793090
2772999
-35007
1807840
1872608
2468212
904414
219178
2641580
441339
-58091
2934926
-117528
965340
447046
1127103
725186
563402
1988205
-187550
1598168
1241744
1738022
74398
2140281
1715493
2521534
309181
706487
1477436
-146331
201026
1175697
1553531
120168
-142213
2932462
2242835
549605
516558
2915081
266099
-174386
1774183
236048
704298
-20160
-169398
1206201
348763
1207789
2025142
359671
2905992
2124358
-280750
1204496
2071334
1092443
2290096
2913472
671458
136663
2088138
-184747
1398107
-241545
2288165
2989825
1551950
1333820
759295
1807180
1544932
2235115
1324308
928184
2872311
2060007
1367995
2969043
2652949
1319171
1968925
1060707
2969615
269466
2874318
361645
1430994
1056004
227059
2013706
2250702
1888044
2125239
1740754
2781427
318110
-36978
1879044
1483990
180582
1269084
869089
1541264
2371578
1586159
2121029
1560390
2254380
2128831
1440907
1078025
1030843
2596855
2773281
425475
1055163
2001363
2063395
2078138
-219480
1817846
-297589
2693111
1922224
290593
8999
886006
2737420
1803356
982424
1216787
1450686
352560
2828348
795233
992257
1913743
1829912
2877563
156693
1469680
-25544
1165442
744211
651678
1951902
743752
126060
1651683
2691581
-11475
2931649
-96727
2592293
1830312
2762255
307841
2537257
1837449
1045192
1957957
1941427
1744161
2362477
1956609
1412700
2530715
561733
2466354
2284766
145811
2032476
594789
510278
2286749
-147479
1549658
181247
461396
1932745
1006634
2094032
1069694
2535939
182563
1608132
2893688
190340
-289488
2807379
433405
1118398
2839421
2259142
1172590
948641
2763632
-11131
-160097
1247133
1384596
663451
1328966
855961
289351
1055546
1504031
447025
1448353
1046905
2174982
-101315
684515
2408615
2344959
1704974
1776999
25053
1092591
894085
2356507
1320186
387342
-197953
610294
552813
1066087
399635
1862304
295921
19455
2399708
995629
1779502
2725398
2679759
1884930
2386716
1407434
1104648
-272720
97438
1152161
-109744
1083389
2655962
1565833
1383480
1248156
791756
1709603
2050941
1766120
1633994
610669
232419
-296630
2291754
1625922
265757
1752201
982151
-215366
2847796
310157
1901106
2894147
1116108
1784534
2320703
1551379
1296382
-173227
1425455
1639241
2794570
2621277
2116894
-44229
939129
1745827
-148515
2140750
1494552
2691091
1226257
1712907
942470
2614291
2180730
422061
154161
2004810
972105
-283726
440702
395695
2310630
636436
2233056
976282
2645964
1773204
2791664
1040746
1914060
437619
2806473
1475128
2882260
1601999
69783
-113157
788269
2370736
-13527
2329324
2499079
1294117
1796002
2811513
832824
2008715
832432
2839441
1568132
2254879
-238829
1282827
1837419
1939679
123384
-28623
2670545
1489896
554168
704076
1951738
2473616
-270854
2940565
1684573
1431376
2662318
2415954
2775937
1347602
2413469
804827
799740
2020462
110030
167756
132697
2809065
542355
1901389
1992028
1500182
932390
996275
-140012
39166
2576481
959431
1772974
2851248
1812433
1440803
2782331
1747611
2051128
2981109
2375159
1941879
1143494
1539516
1856975
2202677
1276118
2459026
7932
2697241
264757
1047138
581123
1476470
-228664
636159
1736030
-12553
2179352
178848
567368
1294586
1821391
297815
1851753
2823354
1553831
148247
1659873
1687720
468332
817009
495637
2513043
1351294
709408
884959
2393032
546639
1320520
392392
2577312
453878
2565023
-82144
667789
1554426
166453
1566102
1650231
1528244
1812984
2446268
1459437
2051774
2917209
184758
901308
1889237
1352707
1879248
852474
57404
414910
-116173
2445410
2446608
1917427
1366149
2384021
618060
1254422
-195256
530476
48365
-70209
2137676
2319526
28155
116474
2178342
1870659
2093121
1412340
968892
248654
79997
2635628
236389
1054696
2174559
1754347
1079717
2044102
2878756
220584
292029
2719406
2508302
2102376
-261088
2488538
-273003
267817
2700377
1856855
1427143
1016091
212958
431113
2203503
1462485
884729
2300049
1601136
1677271
2561161
537744
866907
520804
2840649
1350315
1351794
627849
-111243
1115607
-90563
2739770
1434050
50833
1628487
-282994
2904918
2150831
1304783
137691
1555381
2904311
-3131
133415
311000
375498
1976876
654170
2189021
2437146
-181200
357440
2296272
-227487
2013666
259253
706448
1925169
2008580
875289
1575294
1202526
2617734
-27556
507593
2665313
1197528
863551
2216688
2784873
2041466
1345852
1688124
2404110
2673365
2352692
-38174
50312
-133693
2813781
2386493
1854955
-229946
2180512
2475933
1167534
2653800
2917221
146934
2447483
-244537
1503886
1806535
1095179
-173636
335497
-249898
539352
947880
1613896
1807408
-163866
2907243
454834
-195451
2732195
1308495
1421973
-125009
2197258
201947
-90911
879783
2457834
1987587
2577801
1291457
1614025
2150921
1605244
2606602
54518
1137501
702348
1485025
1892546
1693596
619427
1989411
1280610
2428124
695137
2422934
23868
1333984
2769544
143485
709764
304038
2752746
2329804
2729909
2152218
411321
1455568
1584105
1699710
2498606
1350008
2499898
2794524
1916133
1502414
2305480
1819394
2868779
451469
2778425
360034
2629492
1214698
2244970
2267384
821243
2397372
2406893
2955452
-271736
1334480
959081
1804326
699465
2151856
2997346
2087449
499888
1781477
1572668
986696
882601
864650
2082490
406471
2065016
75282
766683
2055907
2662081
2138679
2696
943996
580864
-284038
954517
2774934
2243144
538063
854353
1349120
-1309
1879786
2515790
-114531
885023
1595749
1845435
1348333
958506
201523
60887
1609632
1795065
2970111
-214370
1698504
623862
-82113
2662622
2439416
1023022
2772187
584380
1304996
2142715
2183571
1244995
346812
2263385
1808921
2347881
816287
1892890
908305
43123
2855735
215375
1039764
-267330
996708
2966569
1575819
314259
1922478
858398
1656560
2372177
2742596
335111
2753406
2010305
2948487
-102872
1332247
2203513
2675675
2086043
118496
2362785
337808
1111360
2192513
79535
463618
1983537
1790139
2724186
799741
2383500
2151427
946895
837315
1434465
1867673
1440567
2217776
1619155
2471738
910417
2969932
2141503
1290122
260022
937654
1704166
1452119
1352885
-44487
1780931
315630
2439781
1919633
1076357
1323909
2364750
2150350
1653704
1643944
1336355
792005
-168608
2040507
2985716
2718271
1585033
342858
1761324
340090
1360317
1879055
2185206
1829495
2833002
1895768
550386
1974040
14355
1408313
1450145
639748
2108656
1505254
416232
622861
2510268
2763260
-70783
2984244
2688482
518760
1074504
467911
2945348
2570460
848741
1032275
372062
819648
1872459
235
1085541
1176963
2043978
1417185
2066206
907337
1396589
1768797
1429667
2353520
2224042
2233356
1834832
455374
-293221
1520029
120357
2266416
748863
1030893
846234
-294076
116679
2883029
-17415
143956
2513298
2124891
2308566
2275602
178444
2998876
1662616
1652647
605833
1356238
2090641
1125207
916562
-34270
1770894
558797
267091
1148952
1519041
-39087
276333
534964
1754746
-108681
817002
763397
777559
1727598
1774721
2918351
1546687
2814398
1787634
-47171
148950
1221904
1014170
277234
2366106
620584
1485150
1184720
976996
616409
2642518
782426
2214736
2187287
-11281
2647570
1060207
1535232
1808022
2594180
413425
597410
1074538
1422410
1987654
1542770
1539307
82343
1558893
94532
484090
2856675
1804801
901090
2688135
1403797
462374
1757306
2415854
1428857
364546
1002630
2764592
1019816
2552907
1462861
2320610
2629880
1870673
1484667
2462132
2585402
1294594
2941103
161892
550991
2516641
-69077
445314
2587338
86301
-181614
638553
2463712
2717175
2887825
1603779
1157047
107423
384178
1982101
1500544
444754
809174
472642
813550
710930
487001
1810705
-18917
1975955
697218
2670737
302476
2940176
2456864
1790566
-232812
2994815
2694191
1200430
1784685
2306009
478621
-47333
2018786
1190078
1668999
1095690
2309695
719156
1114045
950229
1342042
2804798
2403663
17501
2204728
2824176
873983
-36009
1293467
198711
2161971
1961850
1732913
229480
61466
-45590
2075127
2874495
1822984
1964576
2179315
2095
2093357
2038308
2898966
-198821
1665548
2173830
1443140
2792270
1304872
2790890
2135780
-135109
108268
2342329
61552
1834967
1122915
322626
2723134
1773584
894341
1852342
2880963
1275272
1873418
2485810
-224517
82769
641632
1187946
1018576
1876652
57966
2178908
931161
-41613
893180
825852
2104025
1949437
1473282
2323799
2697400
1613096
2665326
413453
-121583
2790743
737427
323170
902662
1267390
2771440
2757501
2851393
427151
2812059
1314168
509231
413705
1414786
1501064
1668146
151453
2526152
2512980
902239
2241740
1410420
-233275
1193396
1931734
1162179
2449605
2541738
613400
1609542
2571779
1738404
2344403
740223
2083400
2271729
1966817
1466228
1063495
736394
1099107
2207320
595701
657045
2894320
2263828
-255949
-50105
2867922
866438
-211689
612074
440023
1283253
2796205
1152912
1517091
504690
2586007
295742
-188433
2646486
1514037
2865742
-63087
354087
1963910
2003726
-44987
-184220
1694229
392795
776931
824742
1649103
1300540
60646
2949698
-109182
2084453
1612369
2387096
-146602
2820246
44894
-227893
2596870
2495513
963174
895401
1036827
-298095
744628
2464592
594953
1125555
799706
2648956
994137
1084415
1425404
339182
1584876
-78694
2308483
1986118
2440718
-30577
1791513
2038740
1602930
1868335
-13869
529377
735902
341301
1277067
642819
-214661
859283
1967207
289132
2696019
2482944
475423
408543
121128
56547
2076076
-278893
1105899
2910398
1840271
662479
-2098
1131561
1640581
2027967
845161
1897767
863354
379533
592247
1336995
1354910
534671
811066
345524
2290108
859401
1940092
2563767
266164
1819617
2738084
2712911
1445442
-238192
1511557
2749507
2358005
2162191
2138771
397525
346727
724609
2009477
-48003
1093330
1855996
-102304
1694876
2840543
-251422
2626069
-46077
1748820
1267426
1749979
129652
2135222
1321739
1849710
1123968
639072
2140796
1229787
2500129
-83617
2126080
1019050
2036177
2427964
2295129
1106564
2534007
541575
-108635
2437560
1285659
151493
666855
540643
646430
731174
1491379
1929246
1614517
281533
1681937
1791516
-174748
-33616
593250
1149357
15640
808031
752701
731199
1244241
82134
946575
-160158
2673775
2061136
1162929
542774
888316
466797
2979399
2192765
545867
1721634
992526
2244070
1499187
641185
2395945
2199995
2701187
2038267
2002567
1528082
1698340
1355750
803323
1012169
421008
-57655
586530
655235
2637154
2068479
1921142
159703
343181
1223010
539734
332465
354049
192650
2556150
1283992
2985276
791808
2664092
2900862
2736586
2475087
2950739
204024
2885948
349796
2785112
2792717
860983
1782449
480764
466236
2043689
369302
1485880
2047246
2474744
1328561
2885087
1619264
961306
2154999
2629625
2528231
2375721
358700
1882875
2361966
-104727
-119675
1894998
2546263
2080904
1912374
-193823
2742000
1433914
704259
2089439
-234047
1198868
2787900
2031804
1670652
2028893
2806381
2758248
1863547
2922087
2645754
967826
1906818
1034049
2514580
2747481
682724
1940495
-141318
2725627
-14356
-50411
2555807
2533875
1403328
1442479
636500
460875
2829957
1861817
2539680
1030927
2278070
59948
-155808
864106
2792
958435
2212165
232812
893841
194985
948016
1473368
2728734
167870
2529384
1582949
731798
873132
426000
441551
-142211
2972406
372870
484889
1106108
2362560
1822500
2246173
2297934
2218322
715946
120754
629846
520520
709299
2535618
2086401
1041358
2784672
1955054
307777
2954092
2035227
1170398
2439079
2421036
-84364
2298168
347375
1738278
230262
1134860
-98801
2262506
493245
311902
780288
1665004
2287952
1121157
1641795
2851662
-9423
399279
450427
1787828
392414
1396036
-225672
1776991
1700218
-267299
-72661
2257111
2251274
1153301
2894515
1441243
80701
933485
1943315
1236252
1807815
1857860
960491
630935
2550773
557170
2494678
1036540
-242482
623204
1667640
2548912
66290
148871
241603
931149
2761658
712600
1231601
1201699
-128850
176376
1348246
2980443
2093790
813855
521071
1053932
136827
2093184
2528410
2226395
2041517
1066535
-71553
1373288
2754911
1472391
2146632
540042
294685
2141284
1154688
2587152
1591069
2428953
2683786
-157756
329057
1022635
2706344
2555782
2125677
454723
155568
1546729
465617
923340
420684
101118
1629660
2212288
1946385
907307
2455692
96276
1828483
888084
2603430
491756
1860980
2172809
2505868
128000
2456535
86123
15721
2156480
558573
1406516
1896900
-155133
532739
-290908
644444
633176
151628
34947
2420483
1792569
1424387
271552
2635632
1102781
2865336
2116405
956761
892245
2666796
2283453
1736455
946691
82527
-108784
1019025
2154439
1525580
-97787
479375
1101999
1769236
1575962
2318559
1035572
633849
1022615
-31829
593469
1160084
270170
104776
83336
901745
1242157
2196743
2950392
2777192
1846522
1309042
688775
1151619
2727
1242758
1987532
2940066
1404144
1970666
1626593
787728
2163304
1379840
2317294
923242
1605320
2296443
2564731
1246448
2553049
2756677
154230
2733927
214550
1833959
2003189
-282165
968248
1173451
678079
2633560
1916275
170892
687879
1387184
2537405
1367499
-210537
1434496
318001
2777916
1876890
2692136
-131824
436942
2032698
2780975
1600692
2530959
226505
377290
2681797
2837444
1381191
1619962
1044448
1133862
890480
1927130
227750
1057113
-48646
-145246
429640
-13549
1919777
242240
1612679
-268300
322460
897104
1462931
2070838
2823904
842083
354577
1687369
2307348
2329687
1587653
2596699
1751022
1550766
36407
1566529
2514498
10973
-68089
2676861
190235
2349299
2534475
430973
777688
2993958
1001151
1352769
2639828
1922265
708613
1241501
1174738
61629
1325221
2063489
1449948
-124071
1914975
1205426
1806634
2738141
-241398
760547
69080
559138
-164088
365350
387190
1960427
1094162
1943325
1056897
1929808
1897828
2131656
773121
2579918
1731052
1864167
2473735
-146970
-112862
2352814
1527068
188158
644280
2238879
2027603
-285410
911144
2763995
689230
2551780
2597025
2559677
1018874
2555347
8028
256276
2031946
593270
183398
1752366
1131610
2073560
1743100
1027986
1361540
-180853
-282622
2230922
1618845
30705
918698
-223362
714362
1691887
703973
869970
81583
2457863
-190730
-221947
2706771
1796405
274521
1832989
759748
1226081
85717
2794726
1585905
1400648
1567454
1587322
-148601
401486
2347704
-223836
2590969
2178820
2603645
-209533
2587903
829913
938637
2886002
1965810
514166
200546
1650416
1454461
2176362
1040040
892250
551362
1671063
2704309
1836962
-94146
2344854
2967813
1525854
1878677
1544265
341511
894928
1306155
1717883
67307
-274604
2449790
1308210
2573730
998966
46833
2797442
1269287
2770344
-37410
1084653
1094565
1403780
2004264
-139447
1783666
1072049
1816064
657290
2841129
1719757
1284874
1417184
1947940
392573
2502810
37958
274513
1039921
855799
491743
2129708
2760565
918446
2407305
2107324
244533
2084850
-235701
163447
1134847
165686
2178870
1131458
78326
2101816
1627553
2134125
2122988
2725834
2251928
1147722
1325273
2079643
2454823
992907
143071
1999704
802344
-234706
2123880
1838813
1774109
508781
2889864
450963
2081117
1054109
-247331
2325863
661873
131464
2941783
2111595
1472719
1234855
526907
566564
2408365
375779
2498271
168216
1356754
631383
355003
723553
822248
1756467
2253160
193526
260254
2577134
2416001
2332077
2902043
1779699
-101251
1663531
2814361
2324377
1723715
100200
2162000
1280125
2075873
531793
2607240
1483382
-221840
1686492
122575
967996
2615432
655164
1890564
1844455
2204910
822022
-221237
435147
-245014
96779
1549301
2755325
1619247
2141021
1928060
1152541
2492986
-49224
2121009
2838209
940764
-7313
1354773
1101598
2694493
883779
825787
222169
-159878
435068
776520
2133352
2727925
-297385
1649032
2999688
1425788
2331159
621364
-78934
-12208
2770578
390587
2856744
1874098
1680404
1362848
1866278
151379
873769
1298368
2733347
1181900
568743
353886
-2801
1484308
2243208
2619171
2728828
-36466
862672
2758679
2461265
571074
1973483
2766615
1217012
2068120
2855563
132789
2581232
2745343
-265247
2463270
1143235
2174127
2446613
-180176
2108476
2128881
2239851
1909501
1561496
346496
1716002
-293302
2663320
2319121
2613539
312793
2034945
1300178
2932876
2633093
638839
1632049
2158550
841529
1466903
2440010
2879526
1523934
514410
1958784
-206892
416373
2398804
641838
1690327
1796626
1243118
1432191
882726
1914037
2460631
1748213
67957
2945665
-144267
-127886
965318
650196
1181267
1780415
1580879
1521185
80821
507494
2053421
794474
2321063
2680022
2455489
1172177
2119452
2153440
690363
1565648
2493900
777045
1171067
1490685
2640549
334190
1910962
644474
1236395
487562
-179646
1988194
1927089
2535329
740905
1391386
771608
935208
819145
2695386
2358484
1153711
365063
1074766
1222256
2549103
-214362
2372245
-144236
-212549
530495
-263538
226686
823782
2304417
19657
2249885
2467658
953208
1518528
1462814
936952
1850285
1223322
1860677
2206843
1983770
-152447
-124815
950834
1946359
577667
-263455
1814582
2643308
2295794
2836763
2744240
1899703
1861514
-278292
297250
-154814
2626925
2714291
2551673
1824771
2412933
885333
1379050
642122
2016410
-135639
2949804
305588
400599
1599083
1405247
2838838
2989444
429917
1431229
685076
2634177
2705343
-20473
994201
518766
398768
1914141
1614547
1251592
1079403
548034
248377
626054
2302059
318871
2422238
81733
-215479
2206432
189154
2801232
22578
680159
886788
1755086
2398065
1506601
1433646
550624
1212878
545750
1342429
879657
2212076
2832871
2750693
2413904
238887
966493
841766
2498349
2096617
2546468
2320009
464397
1088287
254703
2340888
2224457
5900
1157788
690032
670434
624438
142364
-35983
1365560
988687
750792
356278
171302
2341914
1669627
2541323
607403
567584
1918172
-12835
2172218
1227860
2130702
900325
773203
2304762
158533
1668240
2852344
1080332
2898695
2947430
1692921
1600753
47349
845296
-232336
2303264
-94392
1856419
2153441
2405689
420742
474236
2388269
425995
640933
413839
-180123
560725
163589
1033164
607748
-279443
678135
2344475
815947
826518
-108375
2195882
2645826
2759338
2934540
280334
2417639
1956205
2781328
453102
1618456
1090719
404760
1796757
720945
2847806
1777392
2339232
369844
1024164
-44696
-100108
1462533
2039973
2152479
2005900
606189
550920
619554
1735738
2232640
2927265
2874712
2380537
638657
2373981
1933138
132619
1595546
202637
2693737
1301541
2156502
2522943
439256
666074
664727
1427085
1931551
-190305
1938845
1067353
-187426
-57785
1817501
1854605
161331
-151052
914995
206840
1951810
2354125
1453303
189225
2931525
2135326
2081844
1634603
1640309
1986949
665530
2097447
2840663
-262
1727663
348117
2369076
244727
1923315
2646937
2272550
-120699
2406486
2288145
281710
65089
-32955
1857006
2636507
670484
68088
2342215
2068295
2357079
364251
2811013
925505
836320
1003550
1436124
1185376
302738
-19251
2964138
140126
241555
1556159
1862786
1486960
2044104
-147082
2560240
2637839
322709
1376488
1395379
2183380
2360824
2590994
2964237
845600
2546956
769103
1678612
408245
1723722
620326
1944483
-37304
2590779
2524405
1489614
307381
707312
1823783
1331055
1667785
-214744
510878
-129820
2265543
2620713
421155
2874031
1305550
2844808
166017
2774304
284495
2361643
1037067
2701102
846858
2779012
2206883
567139
2222201
2459802
1830916
2450236
1003389
919411
1555149
1604879
270101
890256
-15916
1709154
2785130
1256380
2802514
1197450
431051
2174254
2964090
-104195
2197592
448704
383546
326759
683179
2199528
1512144
-275472
253769
1587973
2567337
2282481
181586
1736517
231345
470080
1146291
1904278
1581308
2477172
2637269
1443940
2920887
393502
736980
-46205
2748849
1562106
259979
1694787
2370153
1128966
205458
754031
2929210
2876142
2207052
2649292
2048000
1780344
1667991
246672
622061
1010236
283281
2421075
241233
512796
1760363
1945516
1168474
51634
933565
97563
1843305
1275640
2604769
2049549
1285907
2465721
1404233
-213329
548198
2364500
2346541
-240154
2914213
931122
811101
1198363
-178305
1470996
218290
61375
846563
2586967
1718040
1384153
2089945
2481321
1887623
2195150
-101879
2895700
2109720
2621042
2162626
1203874
2108884
1300480
2823607
1783230
65292
2723227
542036
38327
2063454
96912
691997
219079
1380462
892472
2040103
1622503
2049106
1841793
1013056
1702265
88190
2071180
2030107
940147
1928971
1612354
293750
2214601
1066062
2418141
2406708
988727
-281234
2606243
973888
1441454
635714
1092066
1773159
2001357
2919602
2050236
667857
1201815
1011761
-74541
208648
2186516
2577520
2309343
740404
1001392
-126061
462853
706076
-71002
2771001
110156
1748881
1590599
797573
1218705
175097
2423169
1311726
2778215
1218556
990917
-53271
-268852
1872389
682560
537609
2769723
2416736
-216240
-73553
16475
2339783
243556
618505
1833313
2579972
478511
476927
2828651
2199362
719425
1659618
2791381
520819
974795
2204657
2699185
1452737
2172746
2225541
2075546
1648061
2710089
744953
2457740
2361846
2508120
1080887
2285534
1317980
994156
-282425
1437792
2700321
1863202
554095
2881600
2347843
906496
1254283
2931047
1738597
-53305
-73581
2291032
998662
2131432
1153568
210601
819833
2748878
582926
-199291
1088734
815211
2944870
1161429
239807
920230
1211135
2014266
-204951
2027247
2733557
2536604
-255671
2002536
1567361
1453188
2498297
1908881
1390488
969256
1421829
750897
1679688
2457792
529716
864665
2326521
1174895
1797716
634751
1285528
-122718
1466463
-40493
-92961
1746381
392675
142415
1418465
-160604
629064
364132
2552175
2379377
1987563
-128077
2842928
1657540
2136916
329850
-32552
2131598
854358
-232174
1861132
70917
1543948
969549
1931800
2044695
2903370
2164333
1887282
2958590
1864898
1896238
2557380
1721368
637278
-285076
2605385
465073
1716631
2218774
1261116
2901469
669384
1982495
2385719
-232195
2886101
1509851
1567782
1940698
1943002
1929732
2787287
2395717
107087
2418355
1422148
2945688
1276725
1223391
840308
685843
1460234
1136373
2278471
1836701
2898684
2628353
212105
1867850
1844744
-240519
-123283
1094559
2254740
1481981
2584933
1541750
-272261
2480011
2762118
1244976
2933889
2183232
1188135
1400754
1212408
1303546
1417775
2740467
733032
2587457
1066872
1749944
1286131
1616518
2271915
1832252
126347
2131560
-87773
103696
206439
2775663
2134459
2908686
1612026
1609368
2813745
1799001
1340984
197554
1444056
2418384
33288
22454
2530979
923735
2425633
2872951
1113258
729685
-96596
315872
171312
-273988
1430254
1356857
1392438
2302001
606741
364339
2341650
2981580
2086070
2500063
1317588
1869244
1827926
1217501
1381819
1679703
2895356
1878973
514111
898442
2472510
-154746
1149295
828741
2228321
213387
1647399
413190
1391223
1406219
237834
680804
2038624
161089
2895605
138425
-31888
732937
2300565
2240908
502144
210598
2758238
2735656
369725
-39149
1733569
877677
2430238
-93352
28168
825003
1207459
706606
2784710
847256
2960302
2567018
1629240
2131487
1364373
-196244
974639
1417388
-6035
2454037
2770824
859084
1705405
1251646
2669758
2518532
2380039
2560641
2906747
290905
-260743
1976875
1914075
12743
1352168
327520
2975728
261188
1175656
2631762
1686003
2556761
2313802
189701
1041589
1413486
1190079
2585477
1220649
177586
1330442
-199479
533375
233889
2648270
2440352
2023427
2256912
1928224
188881
-149940
804747
875155
-222694
837961
1452452
2395176
1320620
953142
-211708
2312707
2083927
79293
151862
1290743
585552
2280984
1604397
1429492
2071510
968249
687952
504599
2083288
947768
2085705
2783077
1083049
2463232
1463504
1553517
2839011
713884
320387
529882
-68638
1354805
2974941
2403229
590821
2426882
1526347
311887
1964283
2034977
639167
-126205
2256812
2088554
1310177
1562990
1543926
1832000
-299864
1541541
2970293
769682
762598
744987
470145
886017
1862919
904852
2928456
2597190
2394383
1600022
2568308
2856544
2187350
790353
2995778
340521
1323089
1984911
750150
572684
1342444
645011
385306
1300528
1659217
2607514
900473
1502520
1593052
2157570
2773314
-109436
2931671
612845
2988440
2673176
468962
2233727
559953
1432916
1757021
2071153
-76967
1726864
1377044
2672340
457877
1968751
2257218
41702
2517726
1628789
2339374
2271384
1852329
-289567
607144
1480127
487096
2289253
-141657
2013090
1733921
1297720
-109854
361734
2862302
2958448
673081
226524
-70420
1626012
1569019
1874236
1653162
2012937
1668308
1785147
1388254
848418
-266956
646008
886569
1604665
1904697
153395
1600728
2951977
44303
61267
2128076
2486888
540326
288592
2437566
576181
70570
647509
1951713
294523
2547564
479516
2004614
948306
2468422
-50307
-107377
-236056
1907492
2605158
-251541
161724
2019501
1466210
2369735
567949
2221967
1528334
870665
1043651
1433780
-210438
875751
568347
2633662
270166
1114444
446563
1632692
556609
-229131
-20155
213876
2033493
1353409
150741
212541
2223735
1073546
-70353
162987
2609676
905554
906875
1603885
2585986
735100
518054
1000292
2763694
1640493
676906
-290630
6515
1689232
2586134
1648263
1508421
1172367
2984711
180376
1311007
1112501
2971905
-165194
372368
2527572
1832999
2719629
311114
171541
1411424
1794449
189583
956399
2840430
99356
2132584
2859971
843237
1852785
2931574
1738738
2235636
373431
1241661
1699594
-157751
579230
-112996
2430870
885671
2940394
851989
1499981
2307809
2971648
1568757
764228
2813789
2705286
1660208
2140019
2135299
1330093
201482
1337211
-83289
1349217
2955361
2466101
-171475
1677231
1751977
2926716
954140
2562683
2072687
2789588
2744026
-43198
710731
2875663
2895102
1345704
-163109
1838499
1348863
2308256
-79978
-238498
1032545
607607
734453
78133
2408794
-65278
2636745
821211
1396019
2366622
1192622
1042079
11681
2050015
1677353
1730690
1068460
2505952
2723655
-243556
-127609
-6238
628515
2128938
858572
2792986
1159435
2468383
1430934
948200
370422
1322087
-245521
1303313
2369708
2168123
1451598
-294627
1544487
2858360
1930797
565706
2276699
322031
560025
18750
1221349
261386
-208740
995391
-207819
1674227
2154750
2342783
152899
2670239
231746
133374
743679
2707296
2021481
1075589
200263
2233066
2582066
-97083
-95571
804675
679879
2801159
2962990
2327395
2285880
-236405
2879817
1442539
120329
1040704
1617916
1380398
401955
1497883
2069840
2121215
2949120
178216
1099521
-191523
2255968
1481251
1942891
2845834
1617088
940036
225355
900820
1692781
2468028
501466
21923
-252344
204845
1594246
1065022
2160792
2765900
2143817
1437236
1472535
-116627
1173130
1611887
2757246
-221572
1458176
2163985
1552039
2462557
818611
1406755
2946574
1847601
2587717
2176514
1708202
2293209
1649730
-152797
2563316
362325
-70966
210611
1359575
2343595
2219632
2223904
151008
685328
1643213
1183371
1797154
794038
717845
2738528
-139708
128164
328865
1227458
1313085
663182
2195461
2209247
2225439
1455796
2038891
1954303
1139525
493438
2125511
897795
465257
820315
2677629
1083947
274299
100220
855154
328389
1755783
-153301
2293823
2982684
2396642
-139097
2348444
2030071
618214
2925834
2992550
-40632
2989580
1477885
2519452
1531770
1268628
783911
2347081
2390302
287624
2721834
40
1538296
2980891
922002
2407417
1959089
1825164
400878
2538319
2003856
761342
1296090
2043157
1056915
1437172
985523
537281
1815299
67157
2288631
-46568
2128408
662440
2070909
2308258
1038486
-237413
1502339
182906
1084564
1953188
2858374
2748618
1481859
2487358
1534350
2787153
-219856
945927
1469691
-7189
96348
2167982
2467776
2583620
1203084
277073
2327127
1829412
1426277
1735783
2853869
2728643
2626866
761911
2581621
2329763
1640109
1875779
1636294
2513056
1500008
1236879
1383209
64651
1097091
1629772
1175049
-256429
-98387
1992628
2223241
31012
358383
2953795
1455384
1743151
811069
-178460
940652
283544
276393
1775475
-244640
2425333
1943312
359110
953055
2950458
2192775
-164086
2673806
2959899
2355459
1108070
2147017
1047284
1011135
-183533
1848921
1741946
2840482
2179843
461366
-8529
2733354
2069109
1402532
1931661
2238887
2729161
419675
1527368
607773
475750
2774752
432032
2027552
481794
-97380
2756843
2291487
1896519
2795605
2261495
913889
1741996
2960686
681235
-174232
1763929
2462373
1971439
74397
-208227
1548786
333782
823818
274297
1009689
2189238
409447
2245896
-138898
559906
2234231
2426336
-257284
2809019
1544235
1631444
10747
1365074
897819
136885
296145
-94250
2234497
2070138
82109
162212
2376806
2231807
1224651
1230365
380161
2748501
-62352
-91662
2353748
1372111
2547432
2403511
115375
982380
1183008
2648460
2203292
1089357
2872105
2383968
2382487
2874679
780175
2625041
2120040
2094367
1778324
348286
632789
-211125
1238291
2380092
2355315
2525196
1993837
2585121
-260160
1162887
1511662
690376
313665
1259855
1912952
72367
1111525
2520147
714081
980289
2673515
2367929
1538638
1838675
2606029
2424849
934994
1633759
655637
1606206
2918682
703152
659746
651131
2489980
1943166
413897
1012661
455722
2242549
825972
2122094
1433717
2688052
279038
1070113
10594
1680896
500679
500471
1140264
206247
-271413
1693282
2395420
-126398
1013354
2433606
1825875
2423388
2454517
1709350
119874
1785564
2587198
2094396
1252164
2105788
2159494
2704394
2547150
2376245
2282746
2829119
2170803
2210340
1758405
1807593
2557020
2125463
-87678
657242
823132
1300311
2783185
2675378
1263202
2947506
36044
-163686
1236925
2352112
2207609
1164487
2008961
2679915
1419162
2107731
323251
1916893
1518969
2541626
1056935
1197874
664807
49362
2954809
67305
1670379
201616
1476461
379356
2859357
72632
1894690
2406261
2117913
629838
2266332
2131165
1517180
848781
564897
1201329
303657
1809348
2811276
1080830
662387
-128268
-58282
2477177
2216003
943026
1504663
1835746
848697
2347573
1592985
61590
729620
2360502
-163022
1787484
1010084
2458505
2708293
1785653
1972039
2852455
1593390
2579356
2355770
245533
1342161
67418
587098
176246
2284894
730263
1385142
2415406
1652430
487305
2606305
2816698
449589
885713
-222313
657711
595073
1851853
124846
1288680
726745
2881792
1246395
1125094
1682157
1276732
2443039
213705
238557
1941325
279218
2735494
2999920
1839201
160875
2719022
108989
2582207
2714411
2316730
1243947
295361
1953447
1520852
1741982
1572751
2698288
-68676
2524242
708367
1853231
1923556
1706996
-67686
440266
2136673
391076
2424770
1479725
-171137
2922593
2536618
2545356
2213509
1493159
1308075
1166967
1953745
1876413
489952
1755886
314426
1216251
278368
1965587
1951100
2977969
1743940
-43088
2913416
-15965
2466519
2843675
514039
2561136
239087
2180000
1664804
2539805
207123
2739801
426755
154449
72109
140278
1398239
-223310
2479076
2121758
270499
995306
988409
569806
494896
483358
2029582
501560
301076
264965
2771023
871016
363158
2426595
2015134
1022280
1094225
1501204
1505616
1837231
-226205
1186092
2640184
221638
-117138
176419
2946647
646795
71965
2079411
1797295
370788
141177
2694138
2029708
246718
921617
231549
2337911
2907415
395531
2855340
1349323
2754490
2019055
1097548
1717279
2233500
1515669
2975299
1298123
1263451
1124371
1024730
1114279
2837662
1152470
2428576
973334
1338842
-185938
-192531
1343371
2136828
213911
1141840
2069896
2247410
1617133
2392804
1135683
418838
258335
1577255
594732
-106941
1563673
2019704
-284849
801875
1389764
2147211
-153216
2337072
1992824
1020811
2056955
631503
1001544
2423727
2376416
1773484
822385
205400
2500207
2642644
-101311
825641
2695426
1760878
1115662
236234
2867019
1008357
2376765
1608382
487456
535433
1288281
1570847
2845949
668056
959697
191731
786146
2117782
431749
-175699
2719199
1356503
863821
1418862
360026
1153752
2460509
1323630
1563766
1183851
1583932
206931
602684
1228236
867052
497068
1266194
1254190
-227554
2427365
412034
1270167
1420241
1124263
1173291
214511
-230600
1017948
-186603
848277
1596093
1233710
1468034
218764
2065068
2294384
548866
236259
191084
701648
1771163
1038419
2116347
461689
1666453
1812061
91902
1000632
903239
2125504
1649262
134543
2939231
888298
115554
-74622
1147848
687531
2397939
2439807
-126768
1707153
11512
225516
2564137
327451
2999184
1540539
800982
2138498
2777832
-64305
2402365
2786338
461649
-155407
1122316
2834866
2930126
2913247
2677873
1165919
162917
2802525
2339819
2351979
143008
649508
1020593
1823806
939475
326953
1428498
1439841
2023882
549439
2886189
1088142
1449891
363847
2764350
2302643
2164201
425398
2089061
2019053
2947360
-148777
2162412
1310947
1583849
1551425
2222484
1296653
2856410
1663679
1996799
60453
2185437
1456501
2028334
1011268
2279134
807132
770831
1670333
1118881
2290408
-73451
1788782
1665741
416113
1940645
-153731
1029680
1804803
1144136
1684761
881543
833244
14161
-210976
1966313
1640537
-96382
-194711
2745782
-171781
1601630
1406062
1449528
-154812
-278351
-23972
980989
-142654
975432
787930
2705615
1773934
610077
1660837
1813177
2786081
353595
2864771
326483
2670433
1293655
1010811
1237308
2099726
2874162
1052030
1869957
1988109
216581
106683
1031074
2815569
2420037
2504506
335381
1841348
2600124
1179161
1462375
281268
1017760
1421426
332266
1792248
1244949
-234926
1879881
2788640
2332212
671612
395867
1145735
-228439
2574103
2752175
2334353
2720484
1959043
2476597
608403
2356788
1712548
1529154
1901250
2003724
2195789
2134183
2566086
283834
218752
389439
2184354
-155531
1366102
2646831
1873430
854875
-22727
2532968
2419756
2334672
1368331
1451999
2176350
2182068
-293816
975061
116725
1979587
2673563
2226162
1025941
2761555
2025372
225014
518448
884289
1825641
2744038
1122227
-63142
652349
-35163
2258188
799939
-229449
158889
553567
214069
2365798
2157962
550217
-84715
198878
2308434
-116394
1825043
997807
1915209
1450795
1672848
1238624
980664
1459569
-274704
58394
-178379
-125458
922328
-48546
575469
1707889
815194
872760
1394387
1311775
2968924
-65210
1462788
2448016
2180763
1621433
1241522
716105
2745220
1507309
2403509
1025461
2635311
-190892
2227798
622736
2811761
2282162
2470285
2809998
894678
322140
88188
1826172
2576608
2617538
1748851
32411
2478454
245895
1547591
1734497
2346545
444914
2929132
1803324
2236617
2324578
19203
1780123
619110
1220888
-224535
794568
-199864
2268613
100392
2267488
2495642
919282
874865
673518
616039
1315357
2262957
1678421
2730246
1110316
1997405
1446044
1334114
2781859
2421608
186643
143746
1382815
2151784
1837121
1883057
940893
1015365
2196897
2734686
2752641
503972
1214666
39871
1857982
2535057
2066383
1840807
111422
-68517
1607792
135208
28288
688793
1568652
1519937
747347
2683490
258288
389008
1974358
82185
544348
247740
1891258
1629313
407200
1408217
2622587
1628909
2393989
1291498
2910610
848916
2084341
1534955
978954
1325568
2199531
1289488
886044
419211
1276762
2941150
777393
900693
2869810
1570434
2244745
2882818
981000
2666701
2859025
1167406
1208042
217702
2766463
916612
966500
2077643
2573849
1538145
-58603
-78241
-271510
806012
1846567
2298941
893532
2328660
-148394
2030272
2310935
2761182
1010891
2147359
-110519
2324759
128520
170716
425559
2039751
1341757
-205130
1956305
2135372
347795
304742
1377580
-146809
2194004
281729
1857724
1972617
2931751
-2532
2816036
1752166
2669437
2873883
1865603
854832
2752029
201731
2817154
786631
701861
2930819
1747013
2503258
1749307
1442040
1633344
539108
573705
1689290
2691573
1637648
849994
2591257
1264192
313405
2893135
2983112
1519551
2537489
2760196
1684376
1175967
2741576
621769
1793842
-45122
1121129
2809877
265443
1913315
-277237
506432
1680675
2958524
750921
2466397
2393588
2995327
558195
1816985
1239514
1970293
2874511
-130718
1621514
1411118
1175117
785509
1588526
808857
2944048
1010141
-298519
1540856
177791
1497602
228103
2407429
-213390
248331
2997246
2851536
1747834
932389
414877
-1433
1659739
390684
680904
2887647
554150
2225117
445716
-261546
1760880
1624826
2413383
339756
2651345
1666781
-282788
2792918
2419365
2139719
2165134
1247686
1732583
570122
2096397
391407
556383
1244202
1895580
1705972
93932
1949288
5177
433706
1546097
93783
1059952
348945
1615039
954250
1293319
1847274
2067764
2023971
1575815
1334932
2282999
593417
265009
271211
471406
1254171
2441764
383060
1860238
494543
7362
1604197
2746811
2624479
2570862
-244734
2112289
2673494
1479501
2291392
2514845
895504
1265995
1452754
2110429
37022
204451
2961440
923091
2017418
2987311
586281
1960829
-109100
1702246
1788342
2864035
2797902
-84964
2895566
805844
-174758
1943025
317802
2488737
2365541
39376
2049207
2331920
1890010
658056
1610490
2356326
500580
1121041
2800145
2720132
862193
1538506
2496030
1573170
2860865
2094251
2719923
4377
2231695
759827
2976654
415330
2627305
2482264
1042334
1266792
2653682
30286
2258594
726632
437479
779069
2475851
271316
2098215
2710026
-134454
2742093
725258
1417812
1483264
2062324
2065273
1651395
194327
1384268
1352352
-100628
2322412
-18347
469887
1880237
-151471
-85635
1614814
2065803
-221523
1329349
2730275
1018627
806142
1871892
1233961
1274296
561316
621031
1232329
435869
-220489
2662965
135072
1850773
-57303
2631373
574544
1118226
-254243
2981137
958656
1474799
2289008
-99126
1899241
-139717
1475277
1079114
1849896
1892641
78438
2691760
2671659
2475656
1685462
2201147
2020574
2239585
1726289
1106965
902546
1318191
1070741
821349
2046733
-201518
934197
1337617
-69848
436746
2266846
805460
1546660
2678492
2459998
-45528
847559
1737575
1298330
2114921
1060614
452984
2798177
783179
-68804
2352193
26853
2415138
193004
1681580
2224749
322076
1317814
-240067
2063757
2414879
937941
1721996
2768192
850003
2499785
2383332
113993
-148760
679359
970116
2279620
376178
359843
489629
532574
2701934
1534746
-115399
2301099
2575446
1071167
298868
922458
2591451
1540453
2971991
2589688
2121383
1076355
2566617
2297035
1879343
1049378
2479560
1734000
609495
1814222
2250414
1504299
388083
1208867
2205206
2497865
1835305
2718244
33339
2190973
2082434
-190646
2879156
2552883
333874
2978123
2639913
709264
415807
1209023
1644930
1010857
103890
1352511
2168579
1380431
743907
1424094
246356
2669342
148848
1870461
1943506
2192837
-167864
2611914
2974370
353783
-222597
113979
-264734
1644303
803136
907979
-193645
75562
2887381
417268
681673
2395307
-18649
610869
2529040
2502846
2077221
2134150
2479593
174871
153189
85325
1727207
256186
734337
1332860
31734
1256947
463446
1752966
33896
635850
-153184
2647337
-72530
1845198
2880606
1226906
1659341
2776440
1208581
2721908
2577813
267244
-255646
1318198
1448962
2103649
2453117
2883704
864666
-121182
1180010
2022376
-177270
160687
2163351
528732
739339
1045922
1605558
1168981
2210821
2330862
2648635
2308989
2651463
1416192
1329429
372474
1555467
2022864
2965977
2222319
649425
1821625
1859546
1848492
1718978
-18140
731404
367216
934068
1803376
1009599
1588656
1787982
1711201
2740417
2907010
1828185
377266
897045
73314
2575632
893336
1150648
136552
2848833
1779636
152635
1152356
595270
2814529
2841875
1884869
1258918
2335015
1116058
2577415
2218654
-252729
646263
804035
2204661
-24442
640393
737049
1625187
2086536
2366340
1149069
2973287
2486014
513380
232353
738602
843402
261268
157793
871436
2341346
1091489
1379393
-157112
-208458
1226470
1556472
-23643
239992
2238406
1765290
925409
106013
2537426
-28119
2193189
-156666
1071287
-122435
-53032
2125568
1626858
1552374
1025792
168675
1399789
2714041
2978871
1986098
2951018
2724835
301916
166436
1693607
1630994
1102695
1412833
128519
2236360
1158083
862096
34834
1067252
678400
562171
2442740
2294707
2013929
2663858
-166995
1643767
1562296
2088479
1959740
2429536
307051
753171
2366767
490347
201757
2499247
861888
-211033
131846
-20304
1312148
681353
670859
1504387
759910
828566
-270558
970704
1900357
339786
1482400
1593593
2129549
1733912
766160
1173763
2849152
1210175
1982047
226801
2484925
2532190
2682600
642168
1703643
199648
1531512
2218864
1547279
992492
1989216
2054029
1454240
-255963
1116737
1336966
1081283
1847193
2775799
1066122
2398524
2954029
2508515
515399
1832149
1941678
123151
160797
1113482
2157679
1023880
197885
2914438
2631633
2738798
1052748
-247776
2805729
2671241
2466705
1402434
-153109
814489
1561756
26879
1647723
795559
625270
384986
2558444
966953
1951774
2248178
324535
-282969
-271267
2098999
-214841
-139696
2700339
246722
835006
1753266
820587
2901240
138301
1581044
-298591
1885349
-94709
736886
2835181
1844884
2573380
2483953
339678
1543278
-215890
1284701
2866188
-175091
2708486
2587556
496568
517793
264403
1417702
2352393
1409233
2363058
-154577
519970
2960369
1419090
1415395
1846329
1317433
-85924
2692629
-121572
2013978
2523196
-80596
102838
16244
2675015
2243270
2126656
308882
952450
1140812
2200342
2618112
2685574
2133948
2152539
2568495
897921
2678504
2697267
1937413
899639
2395030
2649332
1244654
613038
2428765
520075
1025350
323177
2017276
1608739
629183
1834150
2321147
514997
1079961
1157997
2971455
2835475
1204775
1309370
-178826
-94563
362893
1885609
1142495
2799317
1066639
878047
378168
1301688
1080660
2293825
1248657
-140749
285646
1577703
2365640
2995697
349157
2093296
1745182
-191212
1879479
2865449
-189242
163211
125086
1510842
2459555
1272599
674228
663026
1996174
2007717
2840354
2966821
2306313
1783669
1928200
-3627
5084
2276147
655429
2073271
-275084
1049902
2906666
815788
1109340
2045089
2433592
-267749
1281917
206643
216073
2032147
2702628
1947103
227629
514169
532852
2569649
2126462
520453
1066900
786257
1882965
2997110
-81026
2187778
1817745
1125889
180799
1698796
1532381
268628
1671868
620667
281894
2639355
1021962
338717
1635155
371826
2413315
889694
1934065
2915624
626078
2590456
734836
13477
752561
1005043
2009329
2379041
600875
-123210
1269020
-177280
952572
2157933
-235673
752941
-200517
1793136
1445953
817113
-245036
833384
2948187
966875
2878077
2838159
680419
2675230
2170445
523978
-279328
591549
300285
2161340
2610236
2349482
2492800
1381534
1257628
1300932
-72243
1677231
2667504
1904545
-137928
2666112
124788
-136170
273780
998894
1374024
241379
1883948
1253752
1772246
2188519
2719957
1842482
2169703
1706432
1566968
2546017
139709
2582119
28491
945729
-131400
1236348
1222520
337834
1079484
782568
1662567
1508894
2860516
2439274
2816217
461073
1349899
2989030
1149866
2566391
2273362
1543665
2740624
2504391
-125356
1079060
677766
2431549
2072658
1954505
1938348
2615148
2155623
2273595
1761678
2521703
694468
1552612
1932480
311480
624589
1091913
950306
2155017
-141977
943202
133738
2435105
922021
454425
966591
2648165
1800630
2307909
896648
2222723
-252871
2811928
2589518
1227354
2088608
-297163
913874
605354
2980259
2700091
1395180
346555
2012681
8161
-233097
2679652
989199
-205401
1219167
2805193
2307126
2264288
-223508
2119353
2640443
1920752
1178350
2052543
2668607
2173587
828435
1947910
598458
-77535
-282661
2292141
2207833
2984522
-208336
2336236
485962
484726
280345
2054059
120779
2003835
2420214
982585
247552
1898135
1057627
1716294
2938334
2584115
2747889
2711714
72110
-207355
1414927
1267741
2129604
1751365
1254758
-254270
832636
2339552
176177
1140703
522646
1650004
1561216
496114
895246
1662527
1828208
162724
1825469
1857437
-110968
528438
-291212
506882
2755891
1135904
306017
1806459
12980
481191
112921
1513172
466221
-73303
351557
1363191
2616969
1839851
2460861
1795355
-237176
1398090
408177
1503750
2634015
290996
178658
528350
110122
2988757
568147
-279918
2212089
2668595
1200515
507221
-164797
988545
556991
1396806
584793
2350935
1435169
1051796
2590694
2155673
256863
1207254
87589
1401964
954538
2028121
3106
846781
2180192
2210196
1717637
8689
2346076
1061688
721879
171957
189484
2895444
2377970
2285656
1224428
468061
184385
145578
997362
2646855
161293
1234396
-88437
-189212
621295
1000298
2030797
224911
189547
992357
151239
-218974
34114
2322857
221054
2394463
3388
2957997
-108451
564816
1417310
503539
2175813
-72632
2974474
-62339
791394
2052852
344489
1671507
1475896
2452944
1252078
2375454
-44111
2669229
1789839
2076459
1742195
1179041
640941
2964600
662544
1065905
2829979
1589651
2394707
2369721
-236164
-54202
1652355
1777626
538584
2103193
-253270
1059848
2790833
2458177
1445819
1710914
1446248
1357657
2348004
1808197
2956047
1530427
2433778
362110
467961
748913
2831507
2191345
1695795
2595473
2587569
1112911
1726430
1511497
2209451
2857171
2446702
847866
2519180
2409042
1493822
1322764
1054489
1136211
167250
1090590
2441922
392871
1538790
512303
-138259
2509362
443084
2759923
812109
174169
543418
1073137
333956
94180
2713468
2526543
1347418
576057
1933
-156178
74907
-102487
1909112
-70210
2995806
2723050
1668317
1148564
395171
-159361
2292683
668471
902520
-28722
1049077
65466
479182
2378885
2557720
2474978
874465
2762142
628479
1339023
1378638
165025
616733
2064329
1408412
1012926
2002828
539387
511232
1447254
398242
2717161
122154
1495451
647302
837325
1912418
629355
794036
1273009
1596051
2216929
2854140
51322
-244597
39723
332092
2520756
2593951
484869
1174875
2293216
1014610
2579858
1690657
1098716
2871306
-80520
749119
203417
1773716
410412
2793789
2903791
-140926
1096612
2832908
1931251
1719839
2081601
-96531
2497494
323797
587782
1711557
2937276
885053
1306318
2794985
1129717
1515641
2746132
717168
1992504
2239770
572042
2162453
378702
2302458
-192460
521141
-265729
-40815
1451264
692715
31384
1675918
-286944
2232904
1938876
2856967
142744
986049
161432
2806330
1044387
2674135
1453273
-182062
151897
-211575
1879291
2447730
1403529
276966
1210539
279748
495735
1977262
924355
442493
914840
2918074
253321
1260170
94552
28767
-51422
2727017
728675
511041
2867928
593040
2542058
991049
1960799
835353
1832145
448193
984075
2185208
347348
-172923
1407217
2201948
968969
158671
979043
2116191
743768
2648361
1027525
1192199
1234747
668395
648754
2079235
1392921
170490
565682
1037423
333452
2294356
930043
2083459
385916
2402333
357411
524003
-292618
2152932
1524221
18779
1274668
2142222
-117098
-31240
1461053
1916314
433864
2964758
2017479
2320005
2483979
-52161
-158839
2387936
1017733
2266273
614406
2073320
2395039
443261
1586821
1753589
2627327
2983408
-52178
1560313
624645
885766
2487457
908520
-75792
1996533
103774
2496211
1081435
835244
1472143
1762960
2860995
2532365
2021211
1471575
890838
-211293
1756101
-157127
1319951
2147351
1728840
1564615
2835194
1655070
2031834
146316
518236
2490310
36773
-176780
90007
2402977
1592652
-27897
716778
809847
1296540
2421216
874704
1520035
1267568
2040010
1941199
2987812
696213
2345420
2083776
2020597
696478
-21682
1236636
1116745
662167
1756069
1639068
324009
-199204
1888810
2087905
1428803
518439
1039808
2457557
1083261
2501713
2876550
1238251
1190100
1222412
500009
326169
1201230
-130212
2055471
2667264
2325606
1293280
2380288
30295
-196180
2059857
1764487
1900588
1315703
1071090
2160419
673213
932179
2849854
1054965
2193080
2442780
2791705
1745303
1748789
615897
1707260
-25130
1408463
2642165
900057
588710
2941572
216398
2659267
1828231
2259468
2983731
2341130
-259653
69356
584417
1415102
400543
620774
-13476
426733
2884506
172991
2638118
557670
2844671
1819985
1923787
1172688
2390639
1965883
2588825
279132
-58317
717063
2213857
746816
632861
1408957
622564
1537710
1336833
1287024
1858103
2185146
2636801
-130073
1913977
2010322
2407081
1215879
1074688
57239
1298426
392163
2797870
855231
1225609
-83386
2565267
2940077
523214
1972961
1350601
2191512
869477
2571735
-17147
2240220
2912984
2101936
1493842
2056482
2427782
1233585
1579728
576507
663078
862595
2880053
1812152
2778610
2969738
500142
-56688
1651503
1547140
890767
2087579
2349828
-279918
1018626
2661123
2414205
824369
2434853
2224116
1729765
1361704
981259
515450
1574999
2051522
223852
1389631
1065102
2534995
2834560
1798192
1585075
2668599
1642190
343144
907563
62897
-155547
246346
2782931
1673026
2433956
2382847
341276
140840
2893975
1009325
1089554
1779468
1603923
670066
731539
2110064
2588907
2051205
2181024
2015452
2277201
1175401
-120988
602463
615054
985096
576115
-233547
-122940
-44736
1274847
2189355
1447080
-145712
2736543
1613672
694501
289435
2824927
1291651
1049824
754806
735422
758759
1850432
1700027
2974181
2723569
953628
2634661
267411
1760754
2343249
1213933
2851371
1612713
2737352
1424674
2153124
2239748
292111
815532
2532304
2384532
1068518
1761341
1570017
1876292
304473
1473050
604900
1248185
2617651
509020
2300007
-173706
1645888
568556
1100705
1491136
2360678
1082516
421223
2154393
2864884
-63151
399227
2233099
1778938
1486822
957317
877907
293771
2220235
436626
1581058
877240
1530594
2638964
1112649
2713313
2249253
2057969
1609303
1594469
2243119
1717005
434188
-177041
1682401
-71539
869191
1741262
-155618
288916
182601
432888
2932294
1105281
360943
2129321
2908758
549559
1591811
603185
2269674
2774288
1009367
177503
1020837
1809677
1125102
2139490
2700737
1688591
-279619
2113844
421311
1710074
2009158
1360738
1925074
-149607
2654841
2640510
292624
778536
973568
2081732
996964
814829
1523782
1193183
18299
1801065
2722997
-157303
872765
2937111
363956
1284182
2730785
1010231
694800
764045
1333230
479566
373805
1103447
313901
2600377
2126853
2874278
53863
1522255
479531
2791263
1802931
728798
2474217
1100021
-295096
655041
1947577
-252811
632816
2337359
70113
710132
2830876
648917
-24538
2791171
2341023
548213
2060776
567583
584696
88656
65706
1762437
-208176
543942
467554
1124573
1456810
2478368
1714025
2040382
-127352
-237576
1047363
1510160
945162
1104477
2313268
2977696
179676
2632871
-291209
2116084
1248209
896439
213610
1026415
-148329
1398988
2871523
2954747
1107929
666089
1864324
2859793
2703063
2027610
2752977
1128470
539017
2180360
2233954
971654
1023867
2007029
2938324
1075990
2239089
771973
883592
276784
190228
594971
2892406
2288086
-65455
2769600
1074230
2215979
1258767
414040
1088194
2603926
851371
631496
1592827
1555030
1643228
948275
2393041
1236967
2276439
1694752
509428
1047752
540230
817491
2600236
2810942
1992022
402209
359005
845877
2105755
415264
2467927
676564
-311
811079
1248339
815275
1722625
838834
1436790
687733
-120234
-124917
2663375
-286716
689866
1215942
2277032
2095715
2161142
2440478
2641511
2343249
1357977
1997350
556238
2217639
201460
1464024
2769438
-81889
1681184
58728
2984426
1395109
816814
2157878
1431721
588339
1602378
2459382
2038110
1135562
1315348
2690511
1805208
2354956
154244
400743
2791808
2663340
2370815
2654244
949281
2688496
295671
2580095
1966609
2066214
1739570
1013326
2873916
-15943
1435190
1876743
2264306
2715117
-79293
556578
-153869
1045036
2072202
16255
825717
2554765
1967340
2765349
1468948
2344211
110505
25769
2536839
418515
402386
180528
2156253
2137623
148954
-256777
126435
2558390
1905976
448309
276426
1085680
665042
275529
1671992
1628477
535696
1335709
2303160
1483130
1658100
-83332
103895
991075
1637744
2391647
2323026
96230
2067783
1187951
-239178
1565384
2561390
338134
2423694
2388952
817227
1379
1304065
-60794
2279413
1738845
2518433
-9544
349277
695398
36921
2408871
1039658
1289941
1150102
2450517
2328796
812534
397908
2067218
2593534
2776876
1116333
1944369
1025786
1012571
2911969
2878646
-70
-228019
4523
533881
577287
2866376
1990370
1944323
1671667
1795268
806428
1060907
209270
2176317
1660172
2397020
1897312
390119
-18339
1477114
1242662
-15472
2588571
870398
166597
823205
2819833
411291
172416
2903057
818012
102764
1766610
2733984
1589653
1140181
255433
2880501
2622396
2812663
1988244
283175
527665
2747894
1186196
143392
1117466
2472454
1004223
556774
-96789
39446
143290
1185614
135921
354839
1241542
2504412
1694871
-221072
669740
115832
2994796
833659
1357085
2903856
49161
112560
245191
1276279
498911
2968057
2385044
454862
239998
719392
1543228
2871518
1227077
2293853
2731317
119268
2362205
1684500
558821
2572325
1031419
201043
2207651
2627427
244521
1348197
1952501
1380586
127878
-124196
336602
2920605
1723013
2095316
145552
1163215
1223599
374724
777144
2149490
1430085
2766789
-168268
1787226
1669466
2165884
1877676
994796
1534355
-114860
2660969
280143
671157
2107887
1350269
1820630
2035975
536298
1635981
2680017
2547560
2569234
-229822
810142
837616
2651761
1673933
2857882
1633541
775273
2705500
1454730
2806935
303329
1324055
1123107
183513
1413984
1452246
286838
277457
652874
1486349
1619304
1362571
529399
1718817
393235
1297559
734223
-236340
1141195
1811540
2007759
3533
1183662
849854
1033089
1283854
1345448
2263670
2060707
-49043
2465644
728694
1380875
1739162
1097680
2963207
-16651
1487843
2701776
-69499
1221849
820134
-260125
424531
2783685
2440733
-144523
1657779
746025
1456080
889337
-131165
-57848
751628
1409439
2472090
2906224
52843
2624894
2280826
-260461
2479556
2035962
238445
502280
-109800
1407792
1755554
1941394
-151115
936946
769769
2037705
676343
236179
2709062
1597583
2741415
93653
1670993
1221967
1293048
-228902
1603796
1822585
562634
821162
2670096
329935
1303637
1773776
188640
2361537
246923
1921058
395790
2753179
1800061
266751
2339235
61429
1783038
1371166
982418
1311646
-236146
2544083
2244192
991638
2384980
1256234
333852
2800416
2331395
1199453
1486402
1099815
1650318
668676
1506390
662696
2723882
1772094
1659239
1551013
348489
2243151
1005381
2688206
38066
1572222
2546417
2142080
2273212
2130838
1080728
2657704
561221
516464
2831643
750533
-191614
825072
2087305
1349721
1493996
519653
2043867
1749028
2165619
2211178
456076
1943948
1648677
-35605
2104466
205574
2156172
523165
1783296
1786816
2395895
2131800
1372691
804684
2685829
2763161
28087
2243601
2257692
2183304
837956
2568661
2135668
2405848
2895159
2781181
479836
179599
2218587
1481932
1333946
576954
1783300
1310540
635060
2814951
1572515
1781138
-281291
1966048
290108
1213447
1230190
1051081
-136965
1685936
947042
1279481
2336350
-212670
2001776
1519685
829651
1609228
1254538
751204
810666
1634912
472907
218881
2243461
838261
346839
-73055
1460180
1040723
2806003
2951165
1121827
2817494
-245827
666762
-242643
2583347
2547499
1487892
1490652
2704950
882463
392412
602122
1374457
34526
1310971
2826376
2483502
1569583
312721
1906818
2279605
2931169
1717064
2689022
2985123
1052727
1984865
828527
649114
2091234
2473764
52023
1297422
1735813
701963
2189626
-260704
2701773
1595974
774738
442339
-256416
-47311
1002817
2826796
559722
1707274
2775205
852221
2636849
2890589
2851415
2818711
1918973
1767985
183830
2627478
702745
2443556
696354
1995642
-281607
1406352
781220
2547117
935906
494205
1444264
863802
-289840
2583379
1788428
1756992
-255104
306970
-197425
1317488
1459470
899268
289201
2540558
943581
318806
1829512
1514331
1260050
1790719
-162423
169947
2791439
2542088
-49247
926170
1179453
1323917
2849229
2789149
1150091
763104
2040688
1364379
1829103
1437745
2424486
1146451
1743182
1064823
282247
539319
2209500
2008748
1622937
868984
2094356
1852622
1543756
2230427
32092
2650864
2535394
-195611
1009644
1738740
2583627
609244
691335
896733
2674361
-258496
686727
1285982
-115320
736348
-269045
1938006
2905906
2398597
1662992
1416127
261844
2950378
195357
2687615
2142391
1562058
214128
2481307
1625450
2545084
663733
1778169
1978901
2329078
1928406
2739181
262882
2194953
329895
2534828
1303039
1689853
2100060
1959479
2457458
2651527
2395950
10667
500364
2052291
1774886
2564576
740045
2815938
-132201
-191184
107065
1088188
10135
1198070
186933
1646579
2502927
62092
1734773
1933199
1844378
1629137
974667
1305575
-230568
1978112
2055248
346786
1334337
2932605
1653225
661871
390611
1592110
1478338
2295055
2061248
2451402
1568816
1429539
1385966
2280197
570251
2471206
2055351
2727958
-134392
856852
1516711
1621907
2502195
1983376
992879
1692193
1144588
88400
2275231
1191008
1030092
347747
-12152
843948
587003
989788
2666654
2921114
2857165
626257
-178153
1730650
116126
16168
-23509
139818
560043
2321968
2682352
851114
2163029
1489453
170214
-230139
1504077
7995
445819
2480049
1913774
11434
2143150
1635134
2522695
570819
722049
-186470
1719969
2336847
694855
2719557
2497456
791799
1792200
933879
2484769
2883095
2442565
96726
2918200
2072583
2692159
134227
439568
547831
2188294
1273470
1052127
2534457
1849328
1804362
1557162
2655015
905698
2708750
833033
1505850
1943543
753963
1069071
710688
317097
852505
1163410
2148970
2049913
2158700
1213266
1257000
2147554
724924
1163109
2859574
2054448
1024337
800063
-218493
487238
1122828
1238447
2492002
2261232
-66646
1379147
1502853
2998470
2809900
2171171
1706710
1487090
59363
833583
1465974
2126288
-79329
93319
1719580
1135718
2001734
2578589
1751873
1709108
1245058
43021
2181050
2691619
1679083
2412601
2564143
537248
944673
-164441
1327352
1218278
2384469
2566166
1782266
1694065
2710485
830383
1997488
147262
2893160
655561
1757530
1594844
-51256
2875756
-152117
2065669
2465942
2841103
265561
1216354
287643
1015417
1618105
504165
1002047
1390527
1303061
217123
441712
2175827
2977685
2714507
807452
1943128
2257125
-237709
-122751
11264
1083569
679134
1563302
797097
35370
2800761
581496
2570547
2233628
-187580
1934610
2857358
139945
1553265
1061141
2833151
-215438
766510
290821
2086246
2036574
1141833
300227
253069
112132
636073
1704106
82374
58297
720295
898862
1996173
978152
2534932
325955
1761386
1614677
817496
108044
2874257
1648568
563420
1982076
2106718
2858477
645898
318513
577472
1145330
652414
608392
2895751
2540686
2904994
2877743
1792420
2831267
724589
1073726
490926
154281
2723892
1932363
905372
1813081
1653530
724370
2668550
1955016
-248110
1240663
555570
2241794
283143
2697929
2204231
902409
2554859
1545255
-190791
1637420
2126747
941543
789015
2060132
2331162
2990985
2443275
309491
928181
1331252
484628
197541
2081950
1698746
2881021
1543448
-238880
389625
664905
-137340
347213
2853642
1261813
1273954
1642428
-281937
416602
94333
504094
1727917
2753210
1155273
2732085
846940
2933322
1798794
236582
160794
2976201
1829263
2280257
-176847
495721
2882347
663152
1093881
1624032
1092053
1338237
-166757
2459220
2266935
645350
1739846
1945101
861897
1880811
212573
8965
584616
689515
1317810
2144023
792563
340575
-171459
510402
1429846
2514949
-159840
1881064
38483
-255111
86073
917952
1228351
2936766
2056619
-228014
-84535
997748
1132760
1230944
1196982
2851168
-181923
2047051
2451686
2713650
654854
1863001
1885077
-31161
2947017
1754704
2958150
561817
1528414
2709614
465410
1070170
1501004
2010286
1965338
2583880
845619
1300965
141081
1064704
1865029
1060352
1237685
2585867
571991
2673458
1645190
2767441
711505
2204149
-115112
2139799
363919
1857824
2323016
378773
824045
2319345
2896696
2211557
608651
447627
66542
2733184
458504
2967123
2251085
165708
2068105
1116370
522223
-201925
-53643
1183167
890863
1402030
249965
2421962
1647397
563767
1579718
686603
449436
2465161
416035
2277539
1902974
1670409
2435495
2517751
2433480
1476896
2870633
2483341
2556165
682023
2466628
443582
-159469
486866
2910736
-234355
935129
1726233
1052747
2853240
-51670
37911
2454661
121268
267954
1013158
2426152
1168404
1742883
385892
312406
306958
197289
172533
1600190
2737707
696551
398950
1558353
642738
1484114
122583
1883796
633664
790694
2224555
2789584
1139093
918944
-175864
2763209
-140577
921033
247517
1198282
1148792
1983265
2046677
1813780
893026
2746207
-189089
948896
-263240
2561521
44791
2481588
1314508
2063522
1272784
597393
1620532
2959707
27472
957075
2688374
1380257
2570283
977871
-44225
1688309
303313
1887323
2129802
1779030
2558402
2056344
1937811
2927254
2483296
-44003
2993916
2708728
-193714
839814
2671455
903863
924085
2769962
387119
479745
1665472
115068
140567
2742509
1268857
401610
1412465
1574099
1939035
1324968
1291259
1442758
281198
-271670
-45381
2467099
2983291
1415038
399515
1871087
1110893
1221451
2476932
624745
509734
1537645
2851189
2156825
2522618
874821
1319696
1686241
1346887
2489829
-4165
1594537
1002405
27486
2020919
1131480
1094309
792771
59184
1117107
1634149
249788
2506744
1543186
1659544
1929314
2960528
289627
760465
1292904
2504738
1519007
960529
1378233
1759229
1270405
151940
1149840
2993325
2780075
2708215
405754
2060004
14647
131723
1446364
1584178
1619145
856668
1511639
1552733
1214514
1882819
872624
1003797
1579867
476337
66677
-289570
2024883
1797759
1891175
1745219
160705
252057
1255470
1976139
1449524
363438
1572364
1686457
828343
141567
957072
2312993
1959326
136172
1781248
117096
-250631
2020116
364596
429077
1251962
-50753
1311730
1090433
2759001
341715
1575009
1234494
439523
2964083
2137528
2021182
2500362
710375
493134
2508511
1767336
57377
612997
165846
337823
1074326
991508
439531
2154759
1770975
1671764
26358
372477
89717
795005
1415670
1016068
-177975
1696138
1795638
1408891
-248721
2164365
-127349
1235680
2780617
1016604
1064671
205466
267156
-277064
1801896
900683
1291037
515922
2839178
164739
688046
1182924
546212
2618467
2856628
2150965
1605858
-136400
2120837
1993975
2678067
1351936
938556
2984604
1485733
1947194
2267057
44635
2849990
2062409
241558
2348156
541227
1381025
159269
1337192
587474
986991
1695242
2702352
257174
-188391
2263333
1724190
696330
2495780
29826
2169367
2867816
450364
2951853
1607526
1610183
2645919
-160881
382756
629644
1113286
2810028
1113449
2457520
2801378
2041697
1514704
1352692
6311
1971739
512887
1931803
2558963
1435155
1523457
574108
323823
2617939
624777
1922920
2881094
772577
1374798
143678
301948
2567261
65897
379714
2207950
638418
2784885
2454783
1646427
56149
1585947
650632
2069630
2584123
2846243
1018223
124680
1293795
2253793
2486253
1728648
13630
1071766
753939
-127973
1268559
115475
1422327
597394
1731664
-117307
2870497
992951
1442444
-206825
1618244
301096
79870
1465518
2171066
2872348
1033610
-232182
711262
2782073
618380
623235
2212824
383756
1332528
454939
361131
590543
1227090
769522
2184459
2220549
2849679
1557870
1991534
241576
2685916
2911503
2974869
2642563
2859071
13277
87581
1701332
2566385
2472265
-282650
30698
799473
1448737
-269893
874586
2654448
542128
2989833
2746753
1210020
2555684
1685799
2092623
1879955
-74911
2880741
345622
50054
563304
1640617
2678590
1387765
146164
2892075
813646
2271191
2229740
2475620
1591006
580570
-105177
931658
2137542
2879204
-156497
407596
2684093
1783921
104260
1292297
2742903
1749710
1382339
2209
2519929
1849701
389913
2002580
1068912
956052
2077338
371444
1444796
810460
219490
1952466
1417254
-180625
2182509
2340978
973133
1267723
2212570
1952643
2224201
1736715
1124598
1759346
2481251
401597
1104859
354404
223341
1493836
1363960
2306527
2960954
809241
-248305
2855470
1872003
451468
1836759
-103986
2665665
1278499
714442
-138073
-102024
-222615
2881007
2791322
429595
163309
2461823
-230070
373620
2076742
-85040
1253217
2049363
657959
1385803
45192
1232344
83402
2476739
845884
2266986
783475
1729383
2503360
1671030
2953071
1092517
2646241
2720001
2489897
1099629
938339
1755266
892256
98465
3051
282440
1140815
-96324
160091
2457981
2004409
1301266
1040115
1469600
1182908
1436059
178164
2402729
406105
1591041
2804852
1720482
414049
575848
2506912
2127517
2180105
788942
2670120
1463011
-164230
2197800
1917070
403302
2967435
2335152
356256
519304
778875
1160596
2767779
1055913
-255537
768799
144187
789347
2697368
2019271
-83859
1949045
2078527
305332
2997337
240796
2908500
141223
-23649
2539499
1726918
1569981
1248544
2861230
631634
308001
2305167
1718546
-144117
1908812
1198828
67756
1930682
2661948
812214
788656
523717
1635418
41221
104124
2419682
1042784
1012814
2321331
80959
2099915
2289263
1951462
2442726
1651375
1001445
1513416
698646
1878657
961984
1654908
1662748
118280
1018412
2215698
474025
1169491
2896311
153190
365110
287237
1335034
2655250
1348489
2548731
1801110
1064093
2174265
2055071
2086238
276145
1543766
2374310
631927
969613
2115212
30931
2631812
705553
2781859
2058442
-264214
2908399
933617
2846629
1364816
2814282
1634547
2479372
1229148
1939878
-258466
-144670
2565377
393886
804941
1737642
1396148
-277396
-244898
2116743
1818387
1550424
1748898
1952699
1991654
1015234
90231
2392312
-145620
2311354
2596471
546118
-42478
57594
600670
1554614
2382270
1839639
1045236
2268773
64362
1086443
1441881
2407189
1534
61452
2165383
2640268
2925520
-148002
739550
-293384
2751915
-118425
2771733
2382523
1831313
-51748
2264974
72845
2711159
50448
182890
2724718
1123637
63555
1761105
106767
2126645
1252821
2875383
648781
483521
1826219
2140007
2587788
771394
1985057
425438
831609
-174703
1127176
-185418
142926
324277
2895647
575901
2180926
1893044
2602253
2357520
1615323
2115288
75461
161248
540396
1323623
-258265
910953
1709608
601559
-153469
736450
2793001
983999
405591
2635536
332592
40094
210499
1524463
1623555
181456
2519545
828611
1872485
164397
-196106
2450370
702220
1924914
2070355
-222616
1790480
659997
406987
226457
2080137
1975327
505648
1656114
1088705
2853325
1962463
677153
263148
2268986
251977
-277743
1759803
1896515
683719
2671822
1882169
-99049
1450340
2901408
2356358
720039
2695953
2326288
2347478
2701665
2694368
1701530
1563958
-179097
1311479
1729845
424999
922069
760831
2828823
1643134
924001
2000234
329433
2708185
630416
2447638
673136
283477
417541
425994
303939
1709579
2789000
304500
1084879
964474
1463329
2496263
478431
2612667
1954945
1215580
2423843
855686
736340
2432497
2200240
1137812
2417035
1892191
322717
1325197
755334
1996226
2153277
55689
2649669
2437301
2940496
598161
370827
2777131
2154507
96765
1121181
2985514
1131987
576492
161935
1820672
1412093
1949542
904022
1425723
1641003
402308
2529053
1098359
-10673
669482
931250
495527
-34006
1371734
-14328
2956562
336680
2424654
1877229
447429
2472193
2801594
1369718
2854309
764318
69723
626681
-115182
205637
2594973
2754635
513412
1693138
2016032
505835
380998
220508
180793
2317127
-211678
1183328
1710125
642324
2190026
1736463
2894891
310891
704702
1068621
1406373
1410416
45250
2747366
1171695
-74727
1622646
859888
1824164
1898907
-172180
2738661
494606
1747769
2418013
1066361
1056994
632343
768656
2464774
2645934
2458987
2026638
663249
932510
886111
-105049
382116
26625
105885
279008
395533
2109813
867138
-186610
1983721
1566044
645805
675086
72555
2460128
1200918
2776805
437383
265720
537651
460087
-227304
2182577
1371594
876813
454629
501754
387260
86996
1657032
208096
2366051
2842695
321407
1210031
936729
2997102
2364512
1086482
411118
1890364
915682
329821
1983529
-158577
1170997
2401541
1126269
1725443
160807
82562
454919
1885022
330162
127034
2274950
600639
1623323
567234
2935245
2620710
2655125
2056851
2253347
-50122
2697018
22550
2503419
605156
2782020
416319
1226316
502809
1903731
22903
204679
1787149
1724816
1069695
2519532
-92245
356747
2934199
218901
-58044
-141053
872275
1327108
2979519
2541453
2117839
773844
1025807
2840352
2095436
515116
1902188
2653384
2796590
1328134
915139
-18026
816736
2081003
409159
1072802
983279
216352
257363
1531420
1973214
1948279
1856413
323055
2545278
1405441
2059443
2089082
-121102
400495
1014522
2424734
1215673
1356486
2364650
2141111
1945128
2944199
2597767
374027
2627163
1749695
-277750
2116251
316808
1881845
1777471
1820874
1050754
817186
-184069
59177
478027
2936714
-86715
1904778
197770
419710
123956
2563681
1122420
2020330
-44215
554975
258658
2655057
-211003
751873
1959921
170775
888205
2219322
-232117
835679
2925343
2543030
31514
113355
2721001
2003358
85435
308757
2797279
1757307
2841163
995102
544797
751567
2458535
-73366
1295689
2679659
1732278
261083
2975565
2654966
2595718
515129
92958
1126577
-260962
1985806
-226001
-51813
2925585
1759241
541923
-66271
2878919
1258727
1520043
976897
2008055
166653
2518192
1702323
2862438
2577368
790863
2813171
1123818
186917
2604426
1680160
104432
2349501
-209783
495257
1214143
1135544
2459385
2518094
1717253
126257
1385569
1528811
2556538
54318
1916678
272451
148424
2291616
2133486
125437
416284
1228191
720592
-196068
852728
991096
-205201
2728019
1275037
1459645
2804949
567335
91369
1044541
662667
940521
1335843
1242476
856296
133051
617130
1418296
1231977
224531
1148837
-111094
-255263
386757
2875519
-51348
158878
2440116
1772009
2695006
444025
961860
1366689
796065
1261551
242283
2897913
1370673
-193664
143036
217957
1623500
2914405
2570924
1991305
2290267
2520417
2722624
1848333
2167734
1323093
784739
885460
1992495
1103000
2948561
764438
1529753
1685022
9881
2889435
-155134
208198
568798
1384623
2916397
77410
342609
366335
739038
750560
2511524
1448059
2262405
679369
-244417
2641730
2502410
1353705
-24632
459493
1577644
125307
2088648
1416387
2826415
1842787
415453
-210836
2947885
330742
1196624
562768
1399647
2724717
2240222
2641700
855874
641747
1599113
2795548
282443
-182496
2783513
471635
1034133
1966043
1679531
500620
1867107
1669924
273007
1694792
2482832
852470
2501789
1941908
5768
1008063
2245087
2256024
1758659
1521718
2003651
1916091
647961
1266046
470202
631324
1014277
1209759
1621790
1775146
2834453
511060
-84850
2989436
1608069
1364305
1056689
2869839
2777230
1695435
2708986
155080
2950601
427363
2283883
1178547
58194
1364713
1585832
809378
1412160
1444343
54939
137322
1806077
2027124
2630805
-152608
218880
2866514
1955191
2872894
211567
1613593
1205607
790190
1634818
2445224
507711
721913
2813463
2342372
62696
98203
1586794
2376478
1980767
1395924
743361
31081
2749197
765052
19135
2292718
680434
1086859
2980138
-294839
1487042
1032509
368803
2572092
327529
77528
1259299
514203
164438
2520579
421821
579612
1973643
35219
2651722
485242
383776
1728083
2560061
602100
1529287
2326254
2498555
1905414
1868169
1560655
1417301
1079046
1717281
787815
2538222
1538781
1109559
1712590
-103121
-119000
369984
1393077
-129735
1667971
-11517
2856780
-159765
294051
2411810
1865620
374468
39574
310121
-116136
112297
1482552
1622875
636491
-197743
2988912
-170367
617327
2720978
-149522
1896218
1754570
856018
2721362
839511
-120567
2864841
397564
1507737
-34711
2491158
-192667
110438
521517
2683407
1533286
2829295
1105107
915981
430764
120440
532815
1997711
2848135
23686
810095
501440
2969522
2004598
947049
5170
1354457
-264148
54603
1413808
1662662
1468143
711941
821637
804246
1615692
453901
396991
-141670
1714469
811714
798449
2648404
1517961
971764
1730344
2749082
2464514
404997
1857922
-276133
1407868
656825
2078837
596591
2559552
-144705
1679826
1593275
1521195
1911867
2736164
2272164
456094
1876950
82459
-255539
1042379
533717
561453
138693
1517803
114314
733443
1084128
2791724
-49352
1413296
416821
121961
1977774
2692414
725185
1162782
-234755
1509682
137221
1883235
871628
1043546
1410185
81044
2131916
-142479
41392
98403
1324114
478503
1368470
1152117
2717547
2642333
2336960
1387638
1068242
1433166
1278837
1356118
741854
1077408
971253
1718484
2702650
1349951
1809728
323464
1078460
2658600
2263677
2428518
-91288
252554
2762574
2371991
1569632
1745164
2489162
1865853
399315
2653809
1390639
1890989
628072
840586
1569267
1214877
1424032
661007
1793991
1798106
229250
582724
1115517
1163977
1859192
1327285
2735926
-230976
2257809
2022682
787800
1603256
105059
1748786
2792067
4367
2302317
2758015
694996
2301853
58246
1708864
643716
509525
2400710
501208
1112557
2695463
1594946
583651
2086321
344598
-268714
1851017
1101714
544758
52448
-132370
1883021
-165001
-73019
2044493
549413
1971515
2660081
1612059
2404920
729617
2667547
-49417
-277527
647544
1526451
2980057
873462
2648225
1505534
2113233
322313
2884099
1401999
2483852
979304
691148
345364
1419249
2146940
348778
-65915
2240957
2440930
725951
203519
2406128
447859
1319965
2391502
1786325
389273
1450050
-24992
1656965
1125666
1837857
-145695
2851683
1969894
-207167
213874
577337
-126220
698064
716818
411717
986901
357798
-21525
2228587
2534876
2472736
-93382
1808941
694760
445784
1052695
2030850
734123
2465789
515453
2751830
2851611
2631048
-109286
1709081
1219126
736761
2603283
1441237
-161142
1230573
1756916
704807
106079
526068
2969068
741900
195221
1859248
1521656
2122739
1904989
756272
1549147
2186187
2951032
-63341
300683
-173090
1699134
2863729
1357585
275804
1501257
2065359
333251
1081400
2309873
286790
1615231
437288
1062262
1275324
1162797
484422
2248323
1382404
980180
2475737
2730273
1440983
1836518
2683727
2826836
1826671
2590566
2243132
1657539
2732874
2952320
613266
1530279
1514374
94728
63588
824563
1865447
1236978
2013047
1299981
2001241
1711185
2542020
924302
1012102
499237
1777296
1851108
-122422
100334
-139964
949279
2861115
1889139
-8197
1259440
2141222
2951612
1390492
2248375
2106419
473948
1646526
1776433
2890694
41879
1808713
-190295
1506796
2971274
95360
1901328
2274508
1970695
745681
2058408
280932
1533586
657898
51572
2777219
2778875
2366812
379532
1781415
1561176
1028089
-222261
1750932
2600837
1073044
562398
-187666
562609
2204398
728383
2906999
1108701
2808985
458634
2721679
2899571
2740007
-222285
2443949
417271
2403198
1651665
2993340
1155246
1041034
2423917
943336
1167713
1947665
-85279
946860
1947943
-85158
2771982
112634
2168505
1693407
979606
2672828
180102
337753
2164303
813274
-21651
1910353
-91336
345355
2201200
217464
8487
1434522
1477562
721985
1699456
1559140
1994857
2685036
374608
-34064
672896
2692214
2864480
321163
1874053
-37768
1650733
372962
-1086
1167164
1396832
1900639
407049
1655919
471007
536653
2734544
368132
2218974
2172098
2772068
1860035
1586111
1164024
2450234
732559
762296
1863005
377389
401002
741114
2282147
733036
1041192
1184798
785079
1133787
2675791
843135
2648387
2842046
430460
54967
280845
2312262
2980062
303702
2709460
-52351
1551609
1303406
2404949
58449
-83116
2233835
351062
1372377
222904
2511618
1320834
354958
2484692
1971340
2484797
1689777
339141
681831
977296
1877375
2684517
2250751
967079
2049799
825144
1671575
158148
-99933
1235096
426566
2316121
2557478
2917597
2382303
548155
2751773
910664
936193
-71065
1404949
-297187
2489838
-269020
582306
165363
1246515
704555
1464358
321915
2954321
2581660
2509350
157252
807511
-20180
1272128
2699055
733780
154562
2200257
2547749
959105
2389894
1559123
2607875
1643421
964854
142491
1381006
2159278
810349
2911557
2623221
2006489
2016677
374818
1542678
-23945
968198
2879845
2031135
2947136
1483129
982212
68711
2078729
1035608
-26722
1169179
1573114
1450691
616258
1031179
2279559
1766974
2275980
1125756
1180827
2479112
2914520
2582805
1001461
44724
255552
866801
2666738
135257
1177116
-30
972319
2614036
2945631
2876991
1624163
1771245
971362
1267671
1036804
1643035
2902899
1092512
846482
2865581
857354
2104060
1946517
375119
1588408
792680
2299426
2694798
535772
31504
1967112
2427135
647804
525116
1410027
1061159
892639
-151584
1746462
2101423
754291
541633
2483583
1016853
1749616
2186223
1554127
1416837
2612415
1518496
418686
267413
2586348
2122135
2226819
337478
1091790
2390882
1588720
412651
1772437
2363762
805526
828948
2351459
430125
2700985
-81391
2224484
111944
2031212
227798
-45879
1423429
1360239
-261222
586320
1330309
-217354
2037273
649086
216648
1005935
2426089
-96059
2789042
2086913
1885628
2482575
2266686
1707014
827281
2414086
2278267
408477
1579803
29688
499102
122502
149887
2741236
1449700
2601606
2140994
1138246
1946251
844215
495764
1274783
2610350
1566129
386344
2294264
186709
2775366
2559834
8952
546602
566072
1116564
2983171
2932120
1278455
2515092
896763
1646012
1021931
1296848
445872
2207529
1773553
2229692
1284744
2045480
-264325
1829021
821590
2215134
1721774
1125613
756522
1028662
-123378
2308946
646969
-93702
-83170
2981991
2509603
712630
1513551
899136
321813
1392646
444247
942243
1485863
2084955
902615
2090082
1814832
2767306
252816
457332
484768
547310
1853311
2510430
1551799
1305727
68431
564623
563851
1221629
316635
2515797
699991
2102755
1736881
1749387
1497881
1831564
8287
773221
1216830
2425755
1100219
2556031
2696905
2853005
371634
849121
2548351
59879
1845731
2236524
1231680
1277202
1517498
1504952
-17619
2865542
753236
1726282
2494547
645611
1709103
898899
2313694
804980
580972
2730816
2875875
2525782
1544151
2488071
519867
2870441
1718191
1409198
1889047
1882361
2294321
1673930
1421369
1951016
712517
2071855
745457
457112
506905
1821999
1579125
622805
2046282
2665701
1527185
2780888
2983434
-2736
2306651
257584
1070742
-55706
1806489
2833076
399283
-118279
2769446
2133006
1966779
879983
552002
1923390
2616367
2783599
445634
1236318
1296764
-60494
1935859
1742959
1632243
2777927
1302066
1443592
-232631
1975273
507769
420672
1320111
2200370
2662584
2936622
2692158
2044938
35355
2956066
1850723
1519585
2227230
1795023
1148071
1337102
217668
1286839
665470
1016312
322155
1783019
2104503
2845635
2602966
2757511
1323602
2144163
1190959
741360
-151646
2687764
1066402
580846
2397882
-291268
372611
1361052
218108
799659
2222976
1397915
2391842
30101
2947626
402438
1593499
-171920
-239014
1555016
987241
-22199
2466070
459458
-262925
1763680
2418605
698713
397108
1545061
457872
1041079
-101297
2459539
479327
2355619
763744
2276109
927057
1158961
1193138
2808830
2097717
2358126
1562450
2736617
1775700
1095667
1741792
1669536
-278635
1691902
237600
2486598
-285638
2660448
2835891
904186
2793906
1250517
982204
2816620
2270815
1846322
1682946
2882564
-214591
-284020
2858050
890093
580550
1037132
1646954
341278
-174050
1241817
1946848
625328
2877979
1878703
590547
2768972
1809833
676330
1032521
2812756
2314467
335502
1948506
332263
575959
2202846
2544584
-270439
2793905
98482
959610
457497
-149061
2285255
1208269
2204984
630880
1643952
1841032
2538312
997481
-253729
2304761
1238738
2102875
2007269
-287825
2662357
2841441
568669
-298987
133156
2839752
7818
-33280
2383439
-297782
2819230
1169720
803560
946270
741025
92275
1654
2117731
1587245
2485306
1812843
2491423
1400710
2150028
2807296
2654323
-299895
1133826
2469740
1490751
1380634
2505636
2405471
1317747
2503694
754875
372318
538786